function Input=CreateInput

alpha={[2,3,4,5,6,7,8,9,10,11,12,13,14]
[1,2,3,4,6,7,11,12,13,14]
[1,2,3,4,6,8,9,10,11,12,13,15]
[1,2,3,4,5,6,7,8,9,10,11,12,13,14,15]
[2,5,6,9,14]
[1,2,4,5,6,7,8,9,10,11,13,15]
[1,2,3,4,5,6,7,8,9,10,12,13,14,15]
[4,6,9,10,12,14,15]
[2,5,8,10,11,12,13,15]
[1,3,5,7,9,10,11,12,14,15]
[3,4,6,7,8,9,10,14]
[1,14,15]
[7,12,13,15]
[1,2,4,10,11,14,15]
6
[1,2,3,5,7,8,9,10,11,12,13,14]
[5,9]
[2,4,6,10,13,14,15]
[2,5,7,9,10,11,12,14,15]
[1,3,4,5,6,8,9,11,13,15]
[2,3,4,9,12,13,15]
[7,9]
[1,9,10,11,15]
[3,5]
[1,2,3,4,6,9,10,11,12,13,14]
[3,6,7,9,11,15]
[1,2,4,5,6,7,8,11,13,15]
[2,4,6,7,9,13,14,15]
[2,6,7,9,12,14]
[1,2,6,10,15]
[6,15]
[5,7,8,11,13,14]
[2,4,6,7,11,14]
[1,2,4,5,6,7,9,12]
[1,2,3,4,5,7,8,9,10,13,14,15]
[1,2,4,5,6,8,9,10,11,13,15]
[2,3,4,5,7,8,9,10,11,12,13,14,15]
[4,5,6,9,11,12,14,15]
[1,4,5,6,7,8,9,10,11,12,13,14,15]
[4,6,7,8,9,13,14]
[3,4,6,8]
[1,3,4,5,6,7,10,12,13,14]
[2,3,5,6,8,9,11,12,13]
[2,3,4,5,6,9,10,12,13]
[1,6,8,11,14,15]
[3,5,8,9,10,11,12]
[9,10,11]
[1,4,5,13,15]
5
[1,2,3,5,6,7,8,9,10,11,12,13,14,15]
[1,3,4,5,6,7,8,9,10,11]
[1,2,3,4,5,6,7,8,10,11,12,13,14,15]
[1,6,7,9,13,14,15]
[5,7,9,12,13,14,15]
[1,3,5,6,7,8,9,13,14]
[1,4,5,8,10,11,12,13,15]
[2,4,5,8,9,11,13,15]
[3,5,6,7,10,11,13,14,15]
[5,7]
[1,3,4,5,6,7,8,9,11,12,13,15]
[1,3,4,6,8,9,10,11,12,13]
[2,3,4,9,10,14]
[1,2,5,8,9]
[1,3,5,10,13]
[2,5,6]
[2,5,6,8,9,12]
[1,2,5,6,7,8,9,10,11,12,13,14,15]
[1,6,10,11]
[6,7]
[4,5,7,8,10,11,14,15]
[3,5]
[5,6,7,10,11,13,15]
[9,14]
[1,2,3,4,6,7,9,11,13,14,15]
[1,4,5,12,13,15]
[1,8,9,10,11,12,13,14,15]
[1,2,3,4,8,10,11,12,14,15]
[2,3,4,5,6,7,8,10,11,14]
[1,2,4,5,6,9,10,11,13,14,15]
[2,6,13,14,15]};   %Machine eligibility

lambda1=[0	0	0
0	0	0
0	0	0
0	0	0
1	0	0
0	0	0
0	0	0
0	0	0
0	0	0
0	0	0
1	0	0
0	0	0
0	0	0
0	0	0
0	0	0
0	0	0
0	1	0
0	0	0
0	0	0
0	0	1
0	0	0
0	0	0
0	0	0
0	0	0
0	0	0
0	0	0
0	0	0
0	0	0
0	0	0
0	0	0
0	0	0
0	0	1
0	0	0
0	0	0
0	0	0
0	0	0
0	0	1
0	0	0
0	0	0
0	0	0
0	0	0
0	0	0
0	0	0
0	0	0
0	0	0
0	0	0
0	0	0
0	1	0
0	0	0
1	0	0
0	0	0
0	0	1
0	0	0
0	0	0
0	0	0
0	0	0
0	1	0
1	0	0
0	0	0
0	0	0
0	0	0
1	0	0
0	0	0
0	1	0
0	0	0
0	0	0
0	0	0
0	0	0
0	0	0
0	0	0
0	0	0
0	0	0
1	0	0
1	0	0
0	0	0
0	0	0
0	0	0
0	0	0
0	0	1
0	0	0];   %Membership of a batch
    
lambda2=[1	0
0	1
0	0
0	0
0	0
1	0
0	1
0	0
0	0
0	0
0	0
0	0
0	0
0	0
0	1
0	0
0	0
0	0
0	0
0	0
0	0
0	0
0	0
1	0
0	0
0	0
0	0
0	0
0	1
0	0
0	1
0	0
0	1
0	0
0	0
0	0
0	0
1	0
0	0
0	1
0	0
0	0
0	0
0	0
0	0
1	0
0	0
0	0
1	0
0	0
0	1
0	0
0	0
0	0
0	0
0	0
0	0
0	0
1	0
0	1
0	0
0	0
1	0
0	0
0	0
1	0
0	0
0	0
0	0
0	0
1	0
1	0
0	0
0	0
1	0
0	0
0	0
0	0
0	0
0	0];   %Membership of a job family 
     
beta= [1.50000000000000	1	1	1	1.50000000000000	1	1.50000000000000	1	1.50000000000000	1	2	1	1.50000000000000	1.50000000000000	1.50000000000000	1	1	1	2	1.50000000000000	1	2	1.50000000000000	2	1.50000000000000	1	1	2	1.50000000000000	1	2	1.50000000000000	1	1.50000000000000	1	1	1.50000000000000	1.50000000000000	2	2	1	1	1	2	2	1	2	1	1.50000000000000	1.50000000000000	1.50000000000000	1	1	1	1	2	1	2	1.50000000000000	1.50000000000000	2	1	2	1.50000000000000	1	1.50000000000000	1.50000000000000	2	1.50000000000000	1	1.50000000000000	1.50000000000000	2	2	1.50000000000000	1.50000000000000	2	2	2	1.50000000000000
1.50000000000000	2	1	1.50000000000000	1	2	1	1	1.50000000000000	1.50000000000000	1.50000000000000	1	1.50000000000000	1.50000000000000	1	1	1.50000000000000	1.50000000000000	2	1.50000000000000	1	1	1	1	1.50000000000000	1.50000000000000	1.50000000000000	2	1.50000000000000	1	1.50000000000000	1	1.50000000000000	1	2	1	2	1	1	1	1	1	1	2	1	1	2	2	1.50000000000000	1.50000000000000	2	1	1	1.50000000000000	1	2	2	1	1.50000000000000	1	2	2	1.50000000000000	2	2	1.50000000000000	2	2	1.50000000000000	1	2	1	1.50000000000000	1	2	2	2	2	1	2
1.50000000000000	1.50000000000000	1.50000000000000	1.50000000000000	1	1	1	1	1	1.50000000000000	1	1	1	2	2	1	2	1	1	2	1	1	1	1	1	1	1	1	1.50000000000000	1.50000000000000	2	1.50000000000000	1	2	2	1	1.50000000000000	1	1.50000000000000	1.50000000000000	2	2	1	1	1	1.50000000000000	2	1.50000000000000	1.50000000000000	1	2	2	2	2	1	2	1.50000000000000	1	1	2	2	2	2	1.50000000000000	1	1.50000000000000	1	1	1	1	1	1.50000000000000	1.50000000000000	1	1	1.50000000000000	1.50000000000000	2	1	2
2	2	1.50000000000000	2	1	1.50000000000000	1	1	1	1	2	1.50000000000000	2	1.50000000000000	2	1	2	1.50000000000000	1	2	2	1.50000000000000	2	1.50000000000000	1	1.50000000000000	1	1.50000000000000	1.50000000000000	1	1	2	1	1.50000000000000	1	2	1.50000000000000	2	1.50000000000000	1.50000000000000	1	1	1.50000000000000	1	2	1	2	2	1.50000000000000	1	1.50000000000000	1.50000000000000	1	2	1	1	1.50000000000000	1.50000000000000	1	1.50000000000000	1.50000000000000	2	1.50000000000000	2	1	1	2	1	1	1.50000000000000	1.50000000000000	1	2	2	1.50000000000000	1.50000000000000	1	1	2	2
2	1	1.50000000000000	1	1	2	2	2	2	1	1.50000000000000	1.50000000000000	2	1	1.50000000000000	1.50000000000000	1	1	1.50000000000000	1.50000000000000	1	2	1.50000000000000	2	1	1.50000000000000	1	1.50000000000000	1	2	2	1.50000000000000	1.50000000000000	2	1.50000000000000	1.50000000000000	1	1.50000000000000	1	1.50000000000000	1.50000000000000	1.50000000000000	2	1.50000000000000	2	1.50000000000000	1	1.50000000000000	1.50000000000000	1	1	1.50000000000000	2	1	1	1.50000000000000	1.50000000000000	2	1	1	1	1	2	1	2	2	1.50000000000000	1	1.50000000000000	2	2	2	2	2	1	2	1	1.50000000000000	1.50000000000000	2
1	1.50000000000000	2	1.50000000000000	2	1.50000000000000	1.50000000000000	2	2	2	1	1	1.50000000000000	2	1	2	1.50000000000000	2	2	2	1	1	1	2	1	1	1.50000000000000	1.50000000000000	1	1.50000000000000	1	1	2	1.50000000000000	1	2	2	2	1.50000000000000	1	1	2	1.50000000000000	1	2	1.50000000000000	1	1	1	2	2	1.50000000000000	1	1	2	1.50000000000000	2	1	2	1	1.50000000000000	1.50000000000000	2	2	1.50000000000000	2	1	1	2	1.50000000000000	1.50000000000000	1	2	2	1	1.50000000000000	2	1.50000000000000	2	1.50000000000000
1.50000000000000	1	1.50000000000000	2	2	1	1	1	1	1.50000000000000	2	2	2	2	1	2	1.50000000000000	1.50000000000000	2	2	1.50000000000000	1.50000000000000	1	1.50000000000000	1.50000000000000	1	1.50000000000000	2	1.50000000000000	1	1	1	1	1	1.50000000000000	1.50000000000000	1	2	2	2	1.50000000000000	1.50000000000000	2	1.50000000000000	2	2	1	1.50000000000000	1.50000000000000	1.50000000000000	1	2	1	1	2	2	1.50000000000000	1	1	1	2	2	1.50000000000000	2	2	1.50000000000000	1	1	2	1	2	1	2	1	2	1	2	1.50000000000000	1	1.50000000000000
2	1.50000000000000	1	1.50000000000000	1.50000000000000	1	2	1.50000000000000	1	2	2	1	1.50000000000000	2	1.50000000000000	2	1.50000000000000	1.50000000000000	1	2	2	1.50000000000000	1.50000000000000	2	1.50000000000000	1	2	2	1	1	1	1	2	2	1	1.50000000000000	1.50000000000000	1	1.50000000000000	1	1	1	2	1	1	1.50000000000000	1	1.50000000000000	1.50000000000000	2	1.50000000000000	1.50000000000000	1	1	1	2	1	2	1	1.50000000000000	1	1.50000000000000	1.50000000000000	1	1.50000000000000	1	2	2	1	1.50000000000000	1	1	1.50000000000000	2	1.50000000000000	2	1.50000000000000	2	1.50000000000000	2
2	1	2	2	1.50000000000000	1	2	1	1.50000000000000	2	1.50000000000000	1	1.50000000000000	2	1	2	1.50000000000000	1	1	2	2	1.50000000000000	1	2	1.50000000000000	1.50000000000000	2	1	1.50000000000000	1	1	2	1.50000000000000	1.50000000000000	1	1.50000000000000	1	1.50000000000000	1	1.50000000000000	2	2	1	1.50000000000000	1	1.50000000000000	2	2	1.50000000000000	1.50000000000000	1.50000000000000	1.50000000000000	1	1	1.50000000000000	1	1.50000000000000	1.50000000000000	2	1.50000000000000	2	2	1	1.50000000000000	2	1.50000000000000	1.50000000000000	1.50000000000000	1	2	1.50000000000000	1	1.50000000000000	2	1	1.50000000000000	2	2	1	2
