function Input=CreateInput

alpha={[2,12]
[7,8,9,14]
[1,3,5,6,8,10,11,13,14]
[1,3,4,5,6,9,13,15]
[1,2,3,4,5,6,7,8,9,10,11,13,14,15]
[2,4,5,8,9,10,11,13,14,15]
[2,4,6,7,8,11,12,14]
[1,2,3,6,10,11,12,13,14,15]
[8,11]
6
[1,2,4,5,6,7,8,9,11,13,14,15]
[1,6,7,8,9]
[2,15]
[1,3,4,5,6,7,8,9,10,11,12,13,14,15]
3
[4,15]
[1,2,3,5,8,9,12,14,15]
[2,6,7,11,12,14,15]
[7,15]
[4,10]
[2,3,13,14]
[3,15]
[1,2,3,5,6,8,9,10,13,14]
[2,4,6,8,9,12,13,14]
[8,12]
[3,6,7,9,10,13,14]
[1,2,4,5,6,7,8,9,10,11,12,13,14,15]
[2,4,5,6,7,10,12,13,14]
[1,2,3,4,5,6,8,9,11,12,14]
[1,2,3,4,5,6,7,8,9,10,11,12,13,14,15]
[1,3,8,10,11,12,13,14,15]
[3,5,8,10,12,13,14,15]
[1,2,3,6,8,10,14,15]
[3,4,5,7,8,9,10,12,14,15]
[1,2,3,4,5,6,7,11,12,13,14,15]
[1,2,4,7,8,9,10,12,13,15]
[3,4,5,6,8,9,10,11,12,13,15]
[3,5,6,10,11,12,14]
[1,2,4,5,6,7,8,10,14,15]
[6,7,8]
[1,2,4,5,6,7,8,9,10,11,12,13,14,15]
[2,3,8,15]
[6,7,8,11,12,13]
[5,7,8,9,12]
[1,2,3,4,5,6,7,8,9,10,11,12,13,14,15]
[7,8,15]
[3,4]
[1,2,3,4,5,6,8,9,10,11,12]
[7,9]
[1,8,13]
[2,5,6,7,9,10,12,13,14,15]
[1,2,3,4,5,6,7,10,11,14,15]
[1,2,3,4,5,6,7,8,9,10,11,12,13,15]
[3,4,5,6,7,10,11,12,13,14]
[1,2,3,4,6,7,9,10,11,12,13,14,15]
[3,5,6,7,9,10,11,12,13,14,15]
[1,2,3,4,5,7,9,11,12,13,14,15]
[1,3,7,8,11,12,13,14,15]
[5,8]
[1,7,15]};   %Machine eligibility

lambda1=[0	0	0	0
0	0	0	0
0	0	1	0
0	0	0	0
1	0	0	0
0	0	0	0
0	0	1	0
0	0	0	0
0	0	0	0
0	0	0	0
0	0	0	0
0	0	0	0
0	0	0	0
0	1	0	0
0	0	0	0
0	0	0	0
0	0	0	0
0	0	0	0
0	0	0	0
0	0	0	0
1	0	0	0
0	0	0	0
0	0	0	0
0	1	0	0
0	1	0	0
1	0	0	0
0	0	0	0
0	0	0	0
0	0	0	0
0	0	0	0
0	0	0	0
0	0	0	0
0	0	0	0
0	0	0	0
0	0	0	0
0	0	0	0
0	0	0	0
0	0	0	0
0	0	0	0
0	0	0	0
0	0	0	0
0	0	0	0
0	0	0	0
0	0	0	0
0	0	0	1
0	0	0	0
1	0	0	0
0	0	1	0
0	0	0	0
0	0	0	0
0	0	0	0
0	0	0	0
1	0	0	0
0	0	0	0
0	0	0	0
1	0	0	0
0	0	0	0
0	0	0	1
0	1	0	0
0	0	0	0];   %Membership of a batch
    
lambda2=[0	0	0
0	0	0
0	0	0
0	0	0
0	0	0
0	1	0
0	0	0
0	0	0
0	0	0
0	0	0
0	0	0
0	0	1
1	0	0
0	0	0
0	0	0
0	0	0
0	0	0
0	0	0
1	0	0
0	0	0
0	0	0
1	0	0
0	0	0
0	0	0
0	0	0
0	0	0
0	1	0
0	0	1
0	1	0
0	0	0
0	0	0
0	0	0
0	0	0
0	0	0
0	0	1
0	0	0
0	0	0
0	1	0
0	0	0
0	0	0
0	0	0
0	0	0
0	0	0
0	0	1
0	0	0
0	0	0
0	0	0
0	0	0
0	0	1
0	0	0
0	1	0
0	1	0
0	0	0
0	0	0
0	0	0
0	0	0
0	0	0
0	0	0
0	0	0
1	0	0];   %Membership of a job family 
     
beta= [1.50000000000000	1	2	1.50000000000000	2	1.50000000000000	2	1	2	1.50000000000000	1	2	2	1	1.50000000000000	2	1	1	1.50000000000000	1	2	2	2	2	2	2	1.50000000000000	1	1.50000000000000	1.50000000000000	1.50000000000000	2	1.50000000000000	2	1.50000000000000	2	1	2	2	1	2	2	2	2	2	1.50000000000000	2	1.50000000000000	2	1	2	1	2	1.50000000000000	1.50000000000000	1.50000000000000	1.50000000000000	2	2	2
1.50000000000000	2	1.50000000000000	2	2	1	1	2	1.50000000000000	2	2	1	1	1.50000000000000	1.50000000000000	1.50000000000000	1.50000000000000	1	1.50000000000000	1.50000000000000	1	1	2	2	2	1	1.50000000000000	1	2	2	2	1	1	2	1.50000000000000	1.50000000000000	2	2	1	1.50000000000000	1.50000000000000	2	2	2	1	2	2	1.50000000000000	2	1.50000000000000	2	1.50000000000000	2	2	1.50000000000000	2	2	2	1	1
1.50000000000000	1	1	1	2	1	2	2	2	1.50000000000000	1	2	2	2	2	2	1.50000000000000	1.50000000000000	1	1.50000000000000	1.50000000000000	1	1.50000000000000	1	1.50000000000000	1.50000000000000	1.50000000000000	1	1	1	2	1.50000000000000	1	1	1	2	1.50000000000000	2	1	1	1	1.50000000000000	1	2	1	1.50000000000000	1	1	1.50000000000000	2	1.50000000000000	1	1.50000000000000	2	1	2	1	1	1.50000000000000	2
2	1.50000000000000	1	2	2	1.50000000000000	2	2	1	1	2	1	1	1.50000000000000	2	1	2	1.50000000000000	2	1.50000000000000	1	2	2	1.50000000000000	2	2	1.50000000000000	2	2	1.50000000000000	2	2	1.50000000000000	2	1	2	1	1.50000000000000	2	1.50000000000000	1	1	1	1.50000000000000	1	1.50000000000000	1	2	1.50000000000000	1	2	1	1	1.50000000000000	2	1.50000000000000	1.50000000000000	1.50000000000000	2	1
2	1	2	1	1.50000000000000	1.50000000000000	1	2	1	1	1.50000000000000	2	1.50000000000000	1	2	1.50000000000000	1	1	2	2	1.50000000000000	1.50000000000000	1	1	1	2	1.50000000000000	1	1	1	1.50000000000000	1	1.50000000000000	1.50000000000000	2	1.50000000000000	2	1	2	1.50000000000000	2	1.50000000000000	2	1.50000000000000	2	2	1.50000000000000	1.50000000000000	1.50000000000000	1.50000000000000	1.50000000000000	1	1.50000000000000	1.50000000000000	1	1.50000000000000	1	1.50000000000000	1	1
2	1	2	1	2	1.50000000000000	2	2	1.50000000000000	1.50000000000000	1.50000000000000	1.50000000000000	2	1	1	1.50000000000000	2	1	1	1	1.50000000000000	2	2	1	1	1	1	1	1.50000000000000	1	2	2	1.50000000000000	1	1.50000000000000	1.50000000000000	1.50000000000000	1.50000000000000	1	2	1	1.50000000000000	2	1.50000000000000	1	2	1	2	2	1.50000000000000	1.50000000000000	1	2	2	1.50000000000000	1.50000000000000	1	2	1	1
1	1	1	2	1.50000000000000	1.50000000000000	1	1.50000000000000	1	1	1	2	2	1.50000000000000	1.50000000000000	1	1	1	2	1.50000000000000	1	1	1	1.50000000000000	1	2	2	2	1.50000000000000	2	2	1.50000000000000	2	1.50000000000000	1.50000000000000	1	1	1	1.50000000000000	1	1.50000000000000	1	2	2	1	2	1	1	1.50000000000000	2	2	1.50000000000000	1	1	1.50000000000000	1.50000000000000	2	1	2	1.50000000000000
1	1.50000000000000	2	2	2	1	1	2	1	2	2	1	2	1	1.50000000000000	1	2	2	2	2	2	2	1	2	1.50000000000000	1	1.50000000000000	2	1	2	1	2	1	1	1.50000000000000	1	2	2	1	1	1	1.50000000000000	2	2	1	1.50000000000000	2	1	1.50000000000000	2	2	1	1.50000000000000	1.50000000000000	1	1.50000000000000	1	1.50000000000000	2	1.50000000000000
1.50000000000000	1	2	1	1.50000000000000	1.50000000000000	2	1	1.50000000000000	2	2	1	1	1.50000000000000	1.50000000000000	1.50000000000000	1	1.50000000000000	2	2	1.50000000000000	2	1	1	2	1	1.50000000000000	1	1	1	1.50000000000000	1	2	1	2	1	1	1.50000000000000	2	1.50000000000000	2	1.50000000000000	1	1	2	1	1.50000000000000	1	1	1.50000000000000	2	2	1.50000000000000	1.50000000000000	1	1.50000000000000	2	1.50000000000000	1.50000000000000	1
1.50000000000000	2	2	1.50000000000000	1.50000000000000	1.50000000000000	2	1.50000000000000	1.50000000000000	2	1.50000000000000	1.50000000000000	2	2	1.50000000000000	2	1.50000000000000	1.50000000000000	1.50000000000000	2	1	2	2	1	1.50000000000000	2	2	2	1.50000000000000	2	1.50000000000000	2	1	1.50000000000000	2	1	1.50000000000000	1.50000000000000	2	2	2	2	1.50000000000000	1	1.50000000000000	1	2	1.50000000000000	2	1.50000000000000	1.50000000000000	1	2	1.50000000000000	1	1.50000000000000	2	1.50000000000000	1.50000000000000	1.50000000000000
1	1	1	1.50000000000000	1.50000000000000	1.50000000000000	2	1	1.50000000000000	1	1	1.50000000000000	2	1.50000000000000	1.50000000000000	1	1	1.50000000000000	2	1	1	1	2	1.50000000000000	1.50000000000000	2	1.50000000000000	1.50000000000000	2	1	1.50000000000000	1.50000000000000	2	1.50000000000000	1	1.50000000000000	1	1.50000000000000	1.50000000000000	2	1.50000000000000	2	1	1.50000000000000	2	1	1.50000000000000	1	1.50000000000000	2	1	2	1.50000000000000	2	1.50000000000000	1.50000000000000	1.50000000000000	1.50000000000000	1	1.50000000000000
2	1.50000000000000	1.50000000000000	1.50000000000000	1	2	1	2	1	1	2	1	1	1.50000000000000	1	1	2	1.50000000000000	1	1	1.50000000000000	2	1.50000000000000	1	1.50000000000000	2	2	1.50000000000000	1	1.50000000000000	1	2	1	1	1	1	1.50000000000000	2	2	1	1.50000000000000	1.50000000000000	1.50000000000000	1	1.50000000000000	1.50000000000000	1	1.50000000000000	1	1	2	1	1	2	1.50000000000000	1	2	1	1	1
2	2	1	2	2	2	2	1.50000000000000	2	1.50000000000000	1	1	2	2	2	1.50000000000000	2	1.50000000000000	1	1	1	2	1.50000000000000	1	1	1	1	2	2	1.50000000000000	1.50000000000000	1.50000000000000	1.50000000000000	1.50000000000000	2	1	2	1.50000000000000	2	1	1	2	1.50000000000000	2	1.50000000000000	2	2	2	2	2	2	1	1	1	2	2	2	2	1	1.50000000000000
1.50000000000000	1.50000000000000	2	2	1	1.50000000000000	2	1.50000000000000	1	1	1	1	1.50000000000000	1.50000000000000	2	2	2	1	1.50000000000000	2	1	2	2	1	2	1	1	1	1.50000000000000	1.50000000000000	1	1	2	2	1	1	1.50000000000000	2	2	1.50000000000000	1	2	2	1	1.50000000000000	1	1.50000000000000	1	2	1	1	2	1.50000000000000	1.50000000000000	1.50000000000000	1.50000000000000	2	2	2	1
