function Input=CreateInput

alpha={[1,3,4,6,7,8,10,14,18,19]
[5,8,10,12,13,14,15,16]
[13,18]
[1,6,8,13]
[1,3,5,6,7,8,9,12,13,14,15,16,17,19]
[2,3,6,8,9,12,13,14,15,16,17,19]
[1,2,3,5,8,11,12,13,14,15,16,17,18,20]
[1,2,4,6,7,8,11,12,14,20]
[1,3,4,5,6,7,9,11,12,13,15,16,17,18,19,20]
[1,2,3,7,9,12,16,18,19,20]
[1,2,3,4,5,6,7,8,9,10,11,12,13,16,17,18,19,20]
[3,12]
[2,4,5,6,7,9,11,12,14,16,17,19,20]
[1,2,3,4,7,8,9,10,11,12,13,14,15,16,18,19,20]
[1,6,10,12,13,14,17]
[2,3,4,5,10,14,15,17,18,19,20]
[1,2,4,5,6,7,8,9,10,11,12,14,15,16,17,18,19,20]
[1,2,5,8,9,10,12,13,17,18,20]
[1,3,4,5,6,7,8,9,10,12,13,15,16,17,18,19]
[1,5,7,8,9,10,12,15,16,17,18,20]
[1,3,4,5,6,7,8,9,10,11,12,13,14,16,17,18,19,20]
[1,2,4,6,9,11,13,17,18]
[5,7]
[1,2,3,4,5,6,7,8,9,10,11,13,14,15,16,17,18,19,20]
[5,9,10,11,12,14,15,18,19]
[2,3,5,6,7,8,9,10,11,15,17]
[1,2,3,6,7,8,9,10,13,14,15,17,18,20]
[10,16]
[2,3,6,9,16,19,20]
[1,2,3,5,7,8,9,10,11,12,13,14,15,16,17,20]
13
[5,12]
[4,6,12,13,15,19]
[1,7,9,13,14,15,17,19]
[1,2,3,4,5,6,7,8,9,10,11,15,16,17,18,19]
[1,6,14,16]
[4,6,8,11,12,15,16,18,19]
[1,2,3,5,6,8,9,11,13,14,15,17,19,20]
[1,2,3,5,6,7,8,10,11,12,13,14	15,16,18,19,20]
[1,4,5,6,10,12,14	16,17,18,19]
[1,2,3,4,5,6,7,8,9,10,11,12,13,15,16,17,18,19,20]
[2,3,4,5,6,7,8,9,10,11,12,13,14,15,16,17,18,19,20]
[1,3,5,6,7,8,12,13,15,16,17,19,20]
[1,3,4,5,6,7,8,9,10,11,12,13,14,15,16,17,18,19,20]
[1,2,3,4,5,6,8,9,10,12,13,14,15,16,17,18,19,20]
[1,2,5,8,14,16,20]
[1,2,3,4,5,6,7,8,9,10,11,12,13,14,15,16,17,18,19,20]
[1,2,3,5,6,7,8,9,11,12,13,14,15,16,17,18,19,20]
[1,2,5,10,12,16,17,20]
[1,2,3,5,6,8,9,10	11,12,13,14,15,16,17,19]
[2,3,4,9,14,16,19]
[5,12,13,18]
[1,2,3,4,5,6,7,8,10,11,13,14,17,18,19]
[2,3,4,5,6,7,9,11,13,15,18,19,20]
[2,4,6,7,8,9,10,14,15,17,18,19]
[1,4,7,9,20]
[3,8,10,12,18,19]
[1,2,3,6,7,8,9,10,11,12,13,14,15,18,19,20]
[1,3,5,6,7,10,11,14,15,16,17,20]
[4,7,8,9,13,15,17]
[1,4,5,9,13,17]
[5,6,7,11,19]
[1,2,3,4,5,8,9,11,13,18,19]
[1,4,5,6,10,11,12,14,16,17,18,19]
[3,14]
[7,12,15,16]
[1,2,7,8,9,10,12,14,15,16,19]
[1,2,5,9,10,11,14,15,18,19,20]
[1,2,4,5,6,8,10,13,14,18,19]
[7,10,20]
[5,11,12,18]
[1,2,3,4,7,10,16,19,20]
[2,3,4,5,6,7,8,10,11,14,16,18,19,20]
[1,2,3,4,5,6,8,10,11,12,13,14,15,16,18,20]
[2,4,5,6,7,9,10,11,13,14,17,18,19]
[2,4,5,6,9,12,13,14,16,18,19,20]
[1,2,3,4,5,6,7,8,9,10,11,12,13,14,15,16,17,18,19,20]
[1,6,8,10,11,12,13,14,16,19,20]
[2,5,7,12,17,18]
[4,7,9,11]};   %Machine eligibility

lambda1=[0	0	0	0
0	0	0	0
0	0	0	0
0	0	0	0
0	0	0	0
0	0	0	0
0	0	0	0
0	0	0	0
0	1	0	0
1	0	0	0
0	0	0	0
0	0	0	0
0	0	1	0
1	0	0	0
0	0	0	0
0	0	0	0
0	0	0	0
0	0	0	0
0	0	0	0
0	0	0	0
0	0	0	0
0	0	0	0
0	0	0	0
0	0	0	0
0	1	0	0
0	0	0	0
0	0	0	0
0	0	0	0
0	0	0	0
0	0	0	0
0	0	0	0
0	0	0	0
0	0	1	0
0	0	0	0
0	0	0	0
0	0	0	0
0	0	0	0
0	0	1	0
0	0	0	0
0	0	0	0
0	0	0	0
0	0	0	0
0	0	0	0
0	0	0	0
0	0	0	0
0	0	0	0
0	0	0	0
0	0	0	0
0	0	0	0
0	0	0	0
1	0	0	0
0	0	0	0
0	0	0	0
0	0	0	0
0	0	0	0
0	0	0	1
0	0	0	0
0	0	0	0
0	0	0	1
0	0	0	0
1	0	0	0
0	0	0	0
0	0	0	0
0	0	0	0
0	0	0	0
0	1	0	0
0	0	0	0
0	0	0	0
0	0	0	0
0	0	0	1
0	0	0	0
0	0	0	0
0	0	0	0
0	0	0	0
0	0	0	0
1	0	0	0
0	1	0	0
0	0	0	0
0	0	0	1
0	0	0	0];   %Membership of a batch
    
lambda2=[0	0	0
0	0	1
0	1	0
1	0	0
0	0	1
1	0	0
0	0	0
0	0	0
0	0	0
0	0	0
0	0	0
0	0	0
0	0	0
0	0	0
0	0	0
0	0	0
0	0	1
0	1	0
0	0	0
0	0	0
0	0	0
0	0	0
0	0	1
0	0	0
0	0	0
0	0	0
0	0	0
0	0	0
0	0	0
0	0	0
0	0	0
0	0	0
0	0	0
0	0	0
0	0	0
0	0	0
0	0	0
0	0	0
0	0	0
0	0	1
0	1	0
0	0	0
1	0	0
0	1	0
0	1	0
0	0	0
0	0	0
1	0	0
0	0	1
0	0	0
0	0	0
0	0	0
0	0	0
0	0	0
0	0	0
0	0	0
0	0	0
0	0	0
0	0	0
0	1	0
0	0	0
1	0	0
0	0	1
0	0	0
0	0	0
0	0	0
0	0	0
0	0	1
0	0	1
0	0	0
0	0	0
0	0	0
0	0	0
0	0	1
0	0	0
0	0	0
0	0	0
0	0	0
0	0	0
0	0	0];   %Membership of a job family 
     
beta= [1.50000000000000	2	1	2	1.50000000000000	1.50000000000000	1	2	2	1.50000000000000	1	1.50000000000000	2	1.50000000000000	1	1	1	1.50000000000000	1	1	1.50000000000000	1	1	2	1	1	2	1.50000000000000	2	1.50000000000000	1.50000000000000	1.50000000000000	1	2	2	2	2	1	1	1.50000000000000	2	2	1	1	1	1	1.50000000000000	1	1	1	1.50000000000000	2	1.50000000000000	1	1	2	1.50000000000000	1	2	2	2	1.50000000000000	1.50000000000000	2	1	2	2	2	1.50000000000000	2	2	1	2	1.50000000000000	1.50000000000000	1.50000000000000	2	1.50000000000000	2	1
1.50000000000000	1.50000000000000	1.50000000000000	1.50000000000000	2	1.50000000000000	1.50000000000000	2	2	2	1	1	1	2	1.50000000000000	1.50000000000000	1	1	2	1	2	1	1	2	1	1	2	1	1	1	1	2	1.50000000000000	1.50000000000000	1.50000000000000	1	1.50000000000000	1.50000000000000	1	1	1.50000000000000	1	1	1.50000000000000	1	1	1	1	1.50000000000000	1.50000000000000	2	1.50000000000000	2	1.50000000000000	1.50000000000000	2	1.50000000000000	1.50000000000000	2	1.50000000000000	2	1	1	1.50000000000000	1.50000000000000	1	1	1	1	1	2	1	2	1	1.50000000000000	1.50000000000000	2	1.50000000000000	2	1.50000000000000
2	1.50000000000000	2	2	1.50000000000000	1.50000000000000	1	1.50000000000000	2	2	1.50000000000000	2	1	1	1	2	2	1	1	2	1.50000000000000	2	1.50000000000000	1.50000000000000	1	1.50000000000000	1.50000000000000	1	2	1.50000000000000	2	2	1	1.50000000000000	1	1	1.50000000000000	1	1	1.50000000000000	1	1	2	2	2	2	1.50000000000000	2	2	1	2	1	1	1	1	1.50000000000000	1	2	2	1	2	2	1	2	2	1	1	1.50000000000000	2	2	1	1	1	1.50000000000000	1.50000000000000	1	1	1	2	1.50000000000000
1.50000000000000	1.50000000000000	1	1.50000000000000	2	1	1.50000000000000	2	1	1.50000000000000	1.50000000000000	2	1	2	1.50000000000000	1.50000000000000	2	1.50000000000000	1.50000000000000	1.50000000000000	1.50000000000000	1	1	1	2	2	1.50000000000000	1	1.50000000000000	2	2	2	2	1	1	1.50000000000000	1	2	1.50000000000000	1.50000000000000	1	2	1	2	1	1.50000000000000	1.50000000000000	2	1	1	1	1.50000000000000	1.50000000000000	1	2	2	1.50000000000000	2	2	2	1	1	2	2	2	1.50000000000000	1.50000000000000	1.50000000000000	1.50000000000000	1.50000000000000	1.50000000000000	1.50000000000000	1.50000000000000	1	1	2	1.50000000000000	1	1	1
2	2	1.50000000000000	1.50000000000000	1	1.50000000000000	1.50000000000000	2	1.50000000000000	1.50000000000000	2	1.50000000000000	1	2	2	1.50000000000000	1	1	1	2	2	1.50000000000000	1.50000000000000	1.50000000000000	2	2	1	1.50000000000000	2	1	2	1.50000000000000	2	1.50000000000000	1	2	1	1	2	2	1	2	2	2	1.50000000000000	1.50000000000000	1	2	1.50000000000000	1	2	1	1	1	1.50000000000000	2	1.50000000000000	1.50000000000000	1.50000000000000	1	1.50000000000000	1.50000000000000	1	1	1	1	1	2	1	1.50000000000000	1	2	2	1	2	1	2	2	1.50000000000000	1
1	2	1.50000000000000	2	1.50000000000000	1	1	1	1	1	1.50000000000000	1.50000000000000	2	1	2	1	2	1.50000000000000	1.50000000000000	1.50000000000000	1.50000000000000	1.50000000000000	1	2	1.50000000000000	1.50000000000000	1	1	2	1.50000000000000	1.50000000000000	1	2	1	2	1	1.50000000000000	1.50000000000000	2	1.50000000000000	1	1	2	2	1	2	1.50000000000000	1	1.50000000000000	1	2	2	2	2	1.50000000000000	1	2	2	1.50000000000000	1.50000000000000	1	1.50000000000000	1	2	2	2	2	1.50000000000000	2	1.50000000000000	1.50000000000000	2	1	1	1	2	1	1.50000000000000	1.50000000000000	1.50000000000000
2	2	2	2	2	1	1	2	1.50000000000000	1.50000000000000	1	2	2	2	1.50000000000000	1	2	1	2	2	1.50000000000000	1.50000000000000	2	1.50000000000000	1	1	1	1.50000000000000	2	2	2	1.50000000000000	2	2	1.50000000000000	1.50000000000000	1	1	2	1	1.50000000000000	2	1.50000000000000	1.50000000000000	1	2	1.50000000000000	1	1	1	1	1	1	1	1.50000000000000	2	1.50000000000000	1	1	2	1	1.50000000000000	1	2	1.50000000000000	2	2	2	1.50000000000000	1	1	1.50000000000000	1.50000000000000	2	2	2	1	1.50000000000000	2	1.50000000000000
1.50000000000000	1	1.50000000000000	1	2	2	2	1.50000000000000	2	2	1	2	2	1	2	2	2	1.50000000000000	1	2	2	2	2	1	2	1	1.50000000000000	1	1.50000000000000	2	2	1.50000000000000	1	1	1	2	1.50000000000000	1.50000000000000	1	1	1	1	1	1	1	1	1	2	2	1	1.50000000000000	1.50000000000000	1	1	1	2	1.50000000000000	2	1	1	2	1.50000000000000	2	1	2	1.50000000000000	1.50000000000000	1.50000000000000	1	2	1	2	1.50000000000000	1.50000000000000	1.50000000000000	1.50000000000000	1	1.50000000000000	1	1.50000000000000
